A2301 A2402 A2407 A6802 A0204 A0203 A0211 A0207 A0206 A0201 A0205 A0202 A3601 A0101 A2501 A2601 A3401 A6601 A0301 A3402 A1101 A1102 A3201 A3002 A3001 A2902 A7401 A6801 A3101 A3303 A3301 B4601 B1517 B5801 B5802 B5703 B5701 B4201 B0801 B0704 B0702 B1402 B5501 B5601 B5502 B5401 B5301 B3503 B3501 B3507 B5201 B5101 B5001 B4901 B1510 B1503 B1502 B1501 B4403 B4402 B3701 B4501 B3802 B3801 B1301 B1302 B2705 B1801 B4001 B4002 B4006 C0701 C0702 C1701 C0801 C1502 C1202 C0202 C0302 C0303 C0304 C0704 C0802 C0501 C0403 C0401 C1203 C0602 C0102 C1601 C1402 C1403 G0101 G0103 G0104
A2301 0 11.7691333580685 13.12048017414 30.3705498797766 28.2375565515149 33.486539086624 31.5600633712925 31.5391534445679 29.4554867554417 30.7386906032121 29.6890333288236 30.9625596487112 34.1411935936634 33.116160707425 30.7512812741193 33.3863864471733 34.0368520871129 35.2025822916445 33.1206627349152 32.3482178798153 33.2731573494311 33.2731573494311 24.9157379983014 27.3233288601517 28.6987943997653 29.7272888101152 29.6772640248389 30.2479172836743 28.8430667578883 29.3017542136985 30.1347457264866 37.3366147367433 32.7341152316662 32.2978482255397 30.1421001259036 28.4245052727396 29.432933934625 36.3501898206873 35.9867600653351 38.6941881940945 38.9268108120868 36.3852525070254 36.0435236901166 35.2339225747006 34.0792106716103 33.3891524300932 34.1998947366801 36.7290266682906 37.1212082238712 37.1212082238712 35.0788340741251 34.9544746777862 40.1070791756268 37.4196004788934 39.077549820837 39.8617385471331 38.6226125475737 38.552862409943 36.2254371954294 38.6598021205489 38.8606819291685 39.5390971065349 35.1466043879064 34.0003661744988 34.1107988766021 32.966969833456 34.3164100686537 36.8691849652254 37.4657737141514 35.9174010752448 36.0694274975359 36.3997664827674 37.4414516278416 38.7878975970598 35.0577509261504 37.7764543068828 37.4793796640232 38.442570153412 37.7426151717127 37.2351057471306 37.2351057471306 38.252793362054 40.0918757356151 40.7640981747419 39.5262975751588 38.7539997935697 35.9513963567481 36.6112892425274 39.0493815572027 35.6118477476247 36.6152017610172 36.6152017610172 32.0448935089508 32.1946563889103 32.3925763100128
A2402 11.7691333580685 0 5.79952584268749 31.8250435977706 30.592026739005 34.8110815689487 33.6830832911715 33.6634920945525 31.7196815873047 32.9147322638359 31.1753396132263 32.3904800828886 31.6283353972352 30.5190202988235 32.188575613096 34.7147504672005 35.3407753169055 36.4648447137788 35.1495490724988 34.4226625931231 31.1221866198376 31.1221866198376 27.5555166890407 29.7502403351637 31.0182736463524 31.9722410850413 31.9257341340806 31.7080368361083 31.1518057261533 31.5769742058988 32.3514358259413 38.5290267201236 34.7855544730855 34.3753327256624 32.3582864194011 30.7646712967976 31.698739722582 34.1883576674867 33.8016922653289 36.6708017365315 36.742714924186 38.2413271213225 37.9163302549179 37.1475678880866 36.054196704406 35.4026552676491 36.1682913613568 38.5685610309744 38.9422213028482 38.9422213028482 37.0005013479547 36.8826219241528 41.7982092917866 39.226763822676 40.8113636135819 41.562852404521 40.3759668614883 39.7087685530539 38.089300334871 36.6345165110719 36.8464394480661 37.5612526415188 37.064758194274 35.9796803765681 36.0840560358727 35.0047653898723 36.2784853597831 38.7020580848099 39.2708123165284 37.7964575059621 37.9409554439526 38.2551369099628 39.2476088443615 40.534102925808 36.9805137876693 39.5673223759203 38.6673893610624 39.6016956707664 39.5350161249493 39.0508079301824 39.0508079301824 36.2047469263355 37.974846938467 38.6838751936773 37.3772484273522 36.5595815074516 37.1882508327563 37.8265726705447 36.8725466980517 33.610879191119 34.2841581492094 34.2841581492094 29.3531207880866 29.5165445132048 29.7322972539964
A2407 13.12048017414 5.79952584268749 0 31.2921539686868 31.1369009376335 35.2908755912913 34.1787155990391 34.1594086599871 32.2455066637198 33.4217608752142 31.7101923677546 32.9055876713971 32.155654246182 31.0651750357213 32.7068631941371 35.1958577108159 34.8616680610667 36.0006999931946 34.6677991802191 33.9305938645347 30.5770502174425 30.5770502174425 28.1592080854558 30.3102507412921 30.4712782797178 31.4418463198331 32.4482202901792 31.1731470981035 31.6870557168065 32.1051366606654 32.8671553378141 38.0900433184316 34.6304389230053 34.2183576461524 32.1914771329307 30.5891729211497 31.5284411286064 33.6928671976726 33.5104953708536 36.2092971486606 36.2821250755796 37.9841809178505 37.4701694685252 36.6920604490944 35.584696148766 34.9243969167687 35.8962978592501 38.3136111584382 38.6897337804229 38.6897337804229 36.7346702721012 36.6159350556557 41.5630749584291 38.9761196118854 40.570510226025 41.3263789848566 40.1325005450695 39.4611859933277 37.8311207869923 36.3660102293337 36.5794887881173 37.299418226026 36.7993912993136 35.7062501531595 35.8114227586674 34.7236590813814 35.9390623138668 38.4479934456923 39.0204510481363 37.5362637991583 37.6817595130588 37.8129739639717 38.8167528265825 40.1170661938283 36.5229229388887 39.1399859478769 38.229994768506 39.1747342045865 39.107326679281 38.6177562786861 38.6177562786861 35.7372242906469 37.5293818227799 38.2466691360176 36.9245744728358 36.0966549696783 36.7332478825382 37.3793405506304 36.4135991080256 33.1067470464858 33.790072506581 33.790072506581 29.9205648342407 30.0809059039119 30.2926393699856
A6802 30.3705498797766 31.8250435977706 31.2921539686868 0 21.2527198259423 20.079228072812 18.8504933622439 19.2561548601999 16.5129524919077 17.440487378511 15.4973158966319 16.4821054480306 28.6033634385888 31.4635153789274 25.4454750397787 20.0285021906282 17.1670207083233 17.8003230307767 24.6343053484364 22.771774195262 24.7925936521373 24.7925936521373 27.0710269476428 28.2281030180917 22.3640626899497 25.0250834164444 20.8771238440548 16.9582192461355 22.8461900543614 21.5672459994316 22.686035352172 26.3389958046999 30.0982624083185 29.995731362979 33.091396162749 30.9188421516718 31.8483892842323 30.1103204898254 31.9450309124909 32.9019042002131 32.8709948130567 33.5333490722296 30.400057565735 29.4356450583302 28.0431899041461 27.2004301436577 30.6919777792178 28.6307334869367 29.1321403264504 29.1321403264504 34.8523729464724 34.0960965507784 34.8974741206294 36.209799778513 32.2886977129769 33.8806449171204 31.0226320611259 31.109270322526 34.3515152504224 36.2796664813777 31.8223364949841 36.5643036307271 29.8988009793035 31.1961087316992 28.6501012214617 30.2070620881939 29.9220136354491 30.7585971721728 32.1539033400301 32.4065240345212 32.4769010221111 27.7430946363235 29.3158626003056 28.1297867037772 24.621986109979 25.5983358834124 26.5409834030316 27.0545060941796 28.3143302940402 26.811225261073 26.811225261073 30.0130988070209 30.3043726217851 30.4483726987174 29.8446963462522 30.840907898439 29.6195307187673 31.712852284208 33.0450283703918 29.705965730809 33.4762707003035 33.4762707003035 29.3710452657034 29.5343698087499 29.7499932773102
A0204 28.2375565515149 30.592026739005 31.1369009376335 21.2527198259423 0 17.9996861083742 15.964172386942 14.6334001517077 13.3791068461239 12.1452665676798 15.5776731253419 14.5317204762547 26.1449784853612 29.2465433855011 32.1229092704879 28.0276649045189 26.2262292371587 27.7223664213573 21.75604973335 23.9940617653619 24.3348474414778 24.3348474414778 23.5387680221374 26.5474650390579 21.8028071587124 22.7366774177759 16.0339452412686 21.0771036909723 20.9336833834851 22.5635857079499 23.6352596770165 32.089895605938 33.5786792474034 30.4129150197741 28.6617026709859 26.2630329550873 27.3512705372164 35.1078467012718 37.4470973507961 37.5295190483438 37.7693155881861 35.144148872892 34.7262350392322 33.8851752245728 32.6828456533393 31.9626547708415 35.7596057025242 34.006922824625 34.4301248908568 34.4301248908568 36.9641042093542 36.846108342673 39.3914508491373 40.5586279353728 36.9547953586541 37.783067636178 36.0438011314012 36.3995219748831 38.3841594932076 40.6895772895222 37.2799490342999 41.4356295957959 34.8860315885886 36.004084490513 33.3788166357047 32.6209089388999 34.7387622116851 36.1509916876425 36.759238294611 35.1797825462296 35.2719747108097 34.0102219928068 34.4654334079814 32.6110748059612 29.4072185015856 31.4013009284647 32.2558909348354 32.6797337810454 32.5613820345513 31.4807734974857 31.4807734974857 35.9729787479436 35.2575821632738 35.3814287444699 34.8632758070724 36.3545334174433 30.4670559785484 33.563877904676 32.6900015295197 30.0656332047073 34.7283371326644 34.7283371326644 29.535372013909 29.6977928472807 29.9122382980612
A0203 33.486539086624 34.8110815689487 35.2908755912913 20.079228072812 17.9996861083742 0 16.8472104515852 15.591988327343 14.4213106200511 13.2846226894105 13.9341738183503 12.7541444244606 29.2020341757214 32.0087363074521 26.6062511451726 21.4839777508729 19.0742339295711 21.0841385880477 23.3206732321346 25.4213119252331 27.9201378936423 27.9201378936423 29.632116022991 27.7787400722207 28.1294632014193 28.9990551570219 24.1055201146957 26.2822487622349 27.6081111269859 28.8635427485955 29.7088236051177 26.5663828926709 29.6819035777694 30.8855807780912 33.6980815477677 31.7828570144347 32.6878433060366 36.6791221268994 38.9240568286503 35.2955507111024 35.2667392878899 35.6888315863661 33.2248205412761 36.3547575978716 35.2367946896422 34.5698510265809 36.1624542861792 34.4302846343157 34.8483457283125 34.8483457283125 35.5573100782385 35.4346299543257 36.1271933590197 37.3963902001249 33.4536186383476 34.3663774640272 32.4444648592021 31.6375805016755 38.7597394212087 40.4784510573218 37.0493981057722 41.2283240018316 35.2988512560961 36.4042277764548 33.8100443655432 35.1793547410978 36.3208273584179 36.5495266727218 37.1512489695838 37.3701030236739 37.6507038446826 32.7880084787106 33.2599518941324 28.5826853182132 27.3333861788107 27.1942898418032 26.7666546284738 27.2759289484336 28.5259758816416 27.2860183977069 27.2860183977069 34.1511800674589 30.5022130344669 30.6452834870229 30.0455637324381 31.7638158916714 29.8219147607929 32.9793723409042 32.2648090029989 32.5475805552425 34.3284007783643 34.3284007783643 33.4694771396268 33.6128933595428 33.8025102618134
A0211 31.5600633712925 33.6830832911715 34.1787155990391 18.8504933622439 15.964172386942 16.8472104515852 0 13.19000379075 11.7830513874802 10.3608542118881 14.2303794749121 13.0771059489476 30.07097105183 32.8034098837301 30.5866686646323 26.2528665101547 24.3203227774633 25.9266773806441 26.3444320492965 28.2208858826225 28.5111942927686 28.5111942927686 27.4363189950839 30.4215597890706 26.3830589583543 26.7513457605407 21.3486627215852 25.3559125254841 21.871883778038 23.4366294504991 24.4700980790842 30.5519950248752 33.2236858280354 30.0205096559002 32.9070296441353 30.9428812491662 31.8717272829698 35.5831097572992 37.8930323410518 37.974486171639 38.2114904184592 37.734175491191 35.4127660597135 34.5884041262386 33.4113902733783 32.7072453746872 35.4264731521499 33.6564466335946 34.0840006454641 34.0840006454641 38.5631974815367 38.4501092326147 39.0892824185863 40.2652194828241 36.6325333549292 37.4679302871135 35.7133196440768 36.0722996217319 38.0739976887114 40.3971199468477 36.9605221824584 41.1484750628744 34.5444756799115 35.6732350649615 33.0216747001117 34.4223604652557 34.5527393993588 35.8214991311084 36.4352466713209 36.6583755777585 36.9443825229222 31.8708267856358 32.3561508835646 30.3732876060528 27.7208856279881 29.8279181305032 29.9916138278686 31.1709480125324 31.0468452503632 29.9115713395335 29.9115713395335 33.9574675145247 33.8638465033138 33.9927712903788 32.7796034143185 34.3614100409165 32.747361725794 35.6466281715396 35.4597377316866 33.0559994554695 37.3472114086179 37.3472114086179 32.5744531803682 32.721792432567 32.916542953354
A0207 31.5391534445679 33.6634920945525 34.1594086599871 19.2561548601999 14.6334001517077 15.591988327343 13.19000379075 0 9.90564990295942 8.16265275507907 12.7194850524697 11.4145652567235 30.3269137895698 33.0381915364628 30.8383316669368 26.5456474775056 24.6360812630581 26.2231005031823 26.636206561746 28.4934518793354 28.7810111010715 28.7810111010715 27.7166015232748 30.6745774217022 26.6744109588197 27.0387296299216 21.7076898816986 25.6589302193213 25.541250948221 26.8933411832743 27.7985952882515 30.8039413062679 32.3519566641648 29.0528277453331 32.0266826255858 30.0049612564322 30.9619573024704 35.7996661995611 38.0964604655078 38.1774802730615 38.4132320952039 37.9384554245425 35.6303578427161 34.8111490761221 33.6419291955738 32.9427123959154 34.6102701520806 32.7962223434346 33.234844666404 33.234844666404 37.8147590234289 37.6994257250691 38.351112109038 39.5490037801207 35.843804206585 36.6971606531077 34.9038250052913 35.2710447818037 37.3157486860441 39.6832848942725 35.5078864479428 40.4479022941858 33.7069221377449 34.8628096974412 32.1444676421931 33.5817614189607 34.7757127892442 35.014505565551 35.6421520113474 35.8702146634223 36.1624556688287 32.7996432907433 32.5404594312987 31.3465085775115 27.9983195924327 30.0859286045819 30.9768284367525 31.417931185869 31.2948078760679 30.1688664023029 30.1688664023029 34.830684747791 34.0913258762401 34.219393624084 33.4333904951323 34.9856499153581 33.6519939973844 36.4794339320116 33.75786723121 33.2889996845805 37.3295432599972 37.3295432599972 32.223510050893 32.3724466174554 32.5692861450785
A0206 29.4554867554417 31.7196815873047 32.2455066637198 16.5129524919077 13.3791068461239 14.4213106200511 11.7830513874802 9.90564990295942 0 5.61186243594762 7.97893476599477 9.75481419607775 29.7419871562073 32.5020953170715 29.2041229965907 24.628225677056 22.5569191158722 24.2802203449639 25.9682806515949 26.7161917196295 27.0226701123335 27.0226701123335 27.0753411797525 28.2322404353604 23.8254884524956 24.5136574178559 20.8827177350076 23.6697866488061 22.8513019322751 24.3531989685134 25.3493274072509 29.1678058825137 30.7981687767309 27.3119918717035 30.4563047660086 28.3227082038424 29.3346365240819 34.4019505260966 35.8233778418507 36.8700162733894 37.1140741498424 36.6224589562197 34.2257286262835 33.3720571736295 32.1505443188758 31.4181539877823 33.162462212568 31.264521426051 31.7243282040771 31.7243282040771 36.4943022950158 36.3747824735764 36.5373767531277 37.792800901759 34.4478794702954 35.3349642705352 33.4687182306105 33.8515095675215 35.9769815298616 38.4270894031801 34.2503737205888 38.7324786193706 32.2185459013904 33.4259420211308 30.5801389794095 32.0875801518282 32.7646501583643 33.0179905506074 33.6828606267342 33.924097629856 34.2329563432666 30.1295652142542 30.6424803173633 29.7402370535273 26.1874779236184 28.4084705677726 29.350332195735 29.815507709915 29.6857390004022 28.4962909867232 28.4962909867232 32.3287905743472 32.6204935584978 32.7543126931401 32.1939047025986 33.1195289821579 32.1610758526514 34.0987272489751 35.1811810489642 31.7810572511362 35.586546615259 35.586546615259 30.5398608379279 30.6969672769151 30.9044802577231
A0201 30.7386906032121 32.9147322638359 33.4217608752142 17.440487378511 12.1452665676798 13.2846226894105 10.3608542118881 8.16265275507907 5.61186243594762 0 9.75481419607775 7.97893476599477 29.2077523955542 32.0139532079373 29.7384229575141 25.2595031621764 23.2445176331969 24.9203150060347 25.3546563770839 27.2992289268397 27.5992336850138 27.5992336850138 26.4873762385027 29.5685779164301 25.3947888355072 25.777199227224 20.114544489001 24.3259491078971 24.2017891900578 25.6246541440075 26.5731631538287 29.7027591310976 31.3052743159998 27.8825734106449 30.9690087022494 28.8733233279441 29.8666017484413 34.8566665072838 37.2117105223611 37.2946524316825 37.5359494351748 37.0499325235553 34.6827550808756 33.8406146516283 32.6366435161461 31.9154100709986 33.633939703817 31.7641826590895 32.216858940623 32.216858940623 36.9232596069198 36.8051327942177 37.4723751582416 38.6974779539959 34.9019970775312 35.777824137306 33.9359411244185 34.3135206587724 36.4120337251299 38.8347035523641 35.2460934005458 39.6157026947648 32.7036343546096 33.8937545869442 31.0908008902955 32.5746189540261 33.8041609864821 34.0497679874621 34.6948713789228 34.9291196568136 35.2291683126355 31.7677147431161 32.2545903709844 30.2650739301922 26.7820275558069 28.95745499867 29.8820180041442 30.3390425030191 30.2115226362393 29.043615477416 29.043615477416 33.8607102701641 33.0996918414658 33.2315813647199 32.6793589288407 34.2657934389385 32.6470182405683 35.5544680736472 34.7307140727051 32.2727222279125 36.6557457978964 36.6557457978964 31.7793093065284 31.9303178812864 32.129866168411
A0205 29.6890333288236 31.1753396132263 31.7101923677546 15.4973158966319 15.5776731253419 13.9341738183503 14.2303794749121 12.7194850524697 7.97893476599477 9.75481419607775 0 5.61186243594762 29.3828453353313 32.1737781430779 28.6421018781793 23.9591047412043 21.8243854438103 23.6012351371703 26.8200894853093 27.5448815571968 26.9655502447104 26.9655502447104 27.8933630098631 29.0176670323443 24.7511514883651 25.4142676463439 21.9329318605607 22.9727664855585 23.8148609065852 25.2595308745036 26.2212509236306 28.0552579742194 31.021608597879 28.1231310490137 30.6822342732729 29.1056936010809 30.091302730191 33.9292911803356 35.3697186870351 36.4293933520722 36.4014793655423 36.8105623428928 34.4914815570453 33.6445537940392 32.4333054128006 31.7074470747804 33.8336297195556 31.9755515980569 32.4252771769186 32.4252771769186 36.7436511522739 36.6249450511533 36.7864336406779 38.0336377434502 34.6477906943574 35.5298846043721 34.1338644164413 32.8977400439605 36.5965681451144 38.4121907732428 34.2336574148892 38.3712952609109 32.4322015903947 33.6319282825115 31.3067165317604 32.3708912450677 32.9747676261714 33.2265059854328 33.8872852261729 34.1270772261558 34.4986535969159 30.357926477281 30.8670471538824 30.4868381436973 26.4498960300414 29.1891555205011 28.2449747742851 28.728054232753 29.9174881967053 29.2746340711545 29.2746340711545 31.8406422673915 31.8073859347165 31.944611439177 31.3697417904579 32.3189789442674 31.1555998176893 33.1520708252139 34.4286029341883 31.2377848126271 34.8427252091452 34.8427252091452 29.6697876635476 29.831476664758 30.0449679647025
A0202 30.9625596487112 32.3904800828886 32.9055876713971 16.4821054480306 14.5317204762547 12.7541444244606 13.0771059489476 11.4145652567235 9.75481419607775 7.97893476599477 5.61186243594762 0 28.8419590180695 31.6805776462488 29.186692172975 24.6075537183199 22.5343471172342 24.259251843369 26.226402727023 28.1107363830975 27.5433095324436 27.5433095324436 27.3230067891512 30.3194063266417 26.2652032164231 26.6351196730933 21.2028417906657 23.6482768928309 25.113585964573 26.4875159273194 27.4061781355956 28.6110206039561 31.5251201425149 28.6775783496445 31.1912247274774 29.641767828522 30.6101208752922 34.3902573412878 36.7751818486326 36.8591060662084 36.8315177531418 37.235876517144 34.9450325511366 34.1093682146122 32.9152289981401 32.2002360239797 34.2958816769594 32.4642711299669 32.9073183349844 32.9073183349844 37.169730964859 37.052389936413 37.7152581855142 38.9327188878455 35.0993219307724 35.9703447300689 34.5921045904987 33.3729576154107 37.0243406423396 38.8199613601044 35.2298495597129 39.2626450968347 32.914141337729 34.0969148164464 31.8057148952826 32.8537303817999 34.0078564452392 34.2520028611467 34.8933675646246 35.1262921470513 35.4874076258044 31.9843821262816 32.468008870271 30.9990370818192 27.0386760030886 29.7237245310879 28.7970762404797 29.2710454203467 30.4392690451003 29.8076701538379 29.8076701538379 33.394962194918 32.298650126592 32.4337971875018 31.8677532938863 33.4926529256791 31.6569802729193 34.6476088641049 33.9681571475404 31.7378669730655 35.9340632269717 35.9340632269717 30.9441060623829 31.0991704069417 31.3040173140765
A3601 34.1411935936634 31.6283353972352 32.155654246182 28.6033634385888 26.1449784853612 29.2020341757214 30.07097105183 30.3269137895698 29.7419871562073 29.2077523955542 29.3828453353313 28.8419590180695 0 13.1072651609708 30.4091532272768 26.5975844767904 27.7412328493166 28.137535428676 21.032684089293 23.0362562062502 17.254926832647 17.254926832647 24.8151707630635 25.745426778362 25.7537007049472 25.6930457517204 21.1934541781183 22.5509600682543 25.1056607162608 26.2125256318425 27.1404974162229 33.740795781961 33.9997147046854 34.5441934339188 32.4640555075918 32.0241658751637 30.8712050299304 32.364174638016 34.8847244506819 33.2862869662568 32.8436828020245 36.6311875319379 36.0325394608817 36.7593933573447 35.6541203789969 34.9951310899102 37.327811347573 38.4491339304281 36.2116693898528 36.2116693898528 38.5499792477246 38.2097867044557 41.9953009276038 42.9614455064072 38.9864848376973 38.3908205174101 36.4937734415064 36.1250647058244 39.2859338695162 37.0445623540082 37.4188789249491 41.0616938277027 39.215661412247 40.2135176277828 37.7925111629275 36.6843645167802 35.4048089953893 38.2596981169481 40.4847242796589 38.6740921031121 38.5450243222131 36.2393004899377 37.4570073550998 37.606335902345 35.8915366068381 35.423418807337 33.8987079399791 34.1380945572538 35.1443210206144 35.7543479873427 35.7543479873427 36.5121171667708 34.9003295113384 34.8646812691583 34.3387317762319 35.8518144589643 31.4218427212664 34.2693624101762 30.3204139153805 27.6718701933931 30.5063780216531 30.5063780216531 27.9599016450344 28.1314201561172 28.3577132364371
A0101 33.116160707425 30.5190202988235 31.0651750357213 31.4635153789274 29.2465433855011 32.0087363074521 32.8034098837301 33.0381915364628 32.5020953170715 32.0139532079373 32.1737781430779 31.6805776462488 13.1072651609708 0 31.5223349388969 27.8634617375516 30.6818578316242 29.3370397279616 24.782538207375 26.50414118586 19.1487205838928 19.1487205838928 28.0640891532221 28.8899186568602 28.8972922606946 28.8432487767935 24.9191271917778 26.0834468581129 28.3212746888271 29.306942863424 30.1397909747231 37.1366355503565 37.3720349994484 37.8680564592375 35.9805961595969 35.584204360924 34.5502489137198 34.9176201938219 37.2658610527115 34.8671636357189 34.4448791549629 38.9055818617329 38.342460797398 39.8991403416164 37.987059638777 37.3692333343889 40.4234325608304 41.4611179299353 39.3950936031379 39.3950936031379 41.5546543722842 41.2392555703907 44.7693388380932 45.6768453376544 41.9599142039161 41.4070465017731 39.6545571151665 39.3155020316414 39.6687584882613 37.45030573974 39.6481134481831 41.428112435881 41.3481378057102 42.2957137308262 39.1920412839138 38.1245957355616 36.8950226995458 40.4426124279824 41.7941993582842 40.0428220783701 39.9181800687356 38.5368304353121 39.6841000905904 39.0125454181088 38.2099829887426 37.770610267773 36.3445016474294 35.6812513794009 38.4162947198191 38.9751433608653 38.9751433608653 38.7934930110708 37.2804694176455 37.2470992159121 36.7552567668898 38.1726734720009 34.0460364800368 36.690456524824 33.0322251748198 30.619157401862 33.2030043821338 33.2030043821338 30.8797101670336 31.0350962621352 31.2403633141486
A2501 30.7512812741193 32.188575613096 32.7068631941371 25.4454750397787 32.1229092704879 26.6062511451726 30.5866686646323 30.8383316669368 29.2041229965907 29.7384229575141 28.6421018781793 29.186692172975 30.4091532272768 31.5223349388969 0 14.7405936108421 20.2814003461299 18.1829783038973 27.3160685311778 25.6490214238282 28.5657574728905 28.5657574728905 21.5340126311842 25.3542264721289 30.9462711808709 30.1778627473849 27.580788603664 26.5025621402913 29.0997250846121 28.1067909943487 28.9741574510804 30.7983002777751 24.0601704067116 29.6357537444216 32.7654467389047 32.2381792289825 31.5095842562227 34.602418990585 36.0159353620033 32.480845124473 32.4495346653846 34.5769590912793 31.4741338244597 35.7391773828106 33.5911312700242 32.8908345895935 30.4854899911417 35.4470266736154 33.0066781121639 33.0066781121639 32.1148081109011 31.2924399815674 36.5943424589102 34.3375916453091 33.67406717342 33.364221855155 30.4577888232222 30.5460292018455 35.5518353956585 37.418185418323 37.2462387362805 41.6382816648334 33.8471727031963 32.6553548441906 31.4611903779879 32.8853280354629 31.7181982464326 33.4359462255818 35.3054939067562 35.5357172433595 35.5999087077481 33.4731907651482 34.7878570768594 34.3759668954926 33.1011178058989 33.3529159145044 29.8383712692231 30.7842995697482 32.5037520911048 33.1623883337735 33.1623883337735 38.0470090808726 35.7624803390369 37.1696623605865 36.676781483658 37.4918924569033 32.6070728523736 35.8537306287644 37.4698291963014 35.1172265419694 36.1464424252235 36.1464424252235 36.492159431856 36.6237409339898 36.7978464043753
A2601 33.3863864471733 34.7147504672005 35.1958577108159 20.0285021906282 28.0276649045189 21.4839777508729 26.2528665101547 26.5456474775056 24.628225677056 25.2595031621764 23.9591047412043 24.6075537183199 26.5975844767904 27.8634617375516 14.7405936108421 0 12.8453843850622 9.18092587923462 22.3570190320624 20.2864733258396 23.8677858210601 23.8677858210601 26.0959537093397 23.4550783413742 26.6709654868361 26.3328369151522 22.6796957651552 21.3554325641041 24.50434043185 23.3165263279074 24.3550918700792 26.6555435134983 27.3477841881203 32.3618200971453 35.2503049632198 34.7607494165474 34.0861174087047 33.52880403474 34.9857242314633 31.3346230231034 31.3021660592362 33.5025282628043 30.2898398807257 34.7007507123405 32.4841099616413 31.7594127779466 33.1417350179498 34.3997819760533 31.8793679360178 31.8793679360178 34.6463620023806 33.8854880442941 35.5808825073241 36.71620486924 32.5698649060754 32.2494123977476 29.2323485200899 29.3242766321695 35.6990854224586 37.5581189624827 36.136153641471 40.7504576661416 34.0018058343965 35.1479970979855 31.6274912062275 33.0444624710404 30.4069630183614 32.3236105656531 34.2539224031351 34.4911655355397 34.5572973480277 29.7058445427832 31.1797642710781 28.9581422056043 29.2859471419314 27.7359676232866 25.5403817512581 24.5873951446671 28.6090300429777 29.3551818253609 29.3551818253609 34.7786946276021 32.2635661389128 32.2250011636928 31.6552238974865 32.5961485454954 28.7263624568096 30.6978321710182 34.1463145888396 31.5468270987749 32.6886524653434 32.6886524653434 33.3197569018743 33.4638147855262 33.6542716456619
A3401 34.0368520871129 35.3407753169055 34.8616680610667 17.1670207083233 26.2262292371587 19.0742339295711 24.3203227774633 24.6360812630581 22.5569191158722 23.2445176331969 21.8243854438103 22.5343471172342 27.7412328493166 30.6818578316242 20.2814003461299 12.8453843850622 0 8.98412488782296 19.8343641188721 17.4673037415624 23.7927783161194 23.7927783161194 27.7882978967766 25.545387059115 24.5948388894906 26.2353540094278 21.7991582406294 18.6981335966989 23.6917158517487 22.4609683673701 23.5373150550355 22.2792885882831 27.1484327356111 32.1935319590753 35.0958701274096 34.604129811339 33.9263835384793 34.6021473322105 36.209973764144 33.4521254930087 33.421724970444 34.7790267258875 31.4738351651018 34.7617893670622 33.5908514330911 32.8905487944485 33.5839738565882 34.6643664300965 32.1646918219342 32.1646918219342 35.0696321623139 34.3181438892024 35.8367478993281 37.1158780038948 32.8491917708792 32.5314908972829 29.5432479595592 29.634211648026 36.1100180005494 37.9489262035173 37.0572840343164 40.9740539854186 35.4191967723719 36.5209309848476 34.0991656789429 35.4173883848033 32.421460485302 33.6448673648745 36.3943773129861 36.6177552561595 36.6800531624478 28.2089258923483 28.7561193487577 27.7237136762015 26.6908860849542 26.340569469926 22.5177219096426 23.1207763710478 24.5830286986775 25.4475028244423 25.4475028244423 32.6235237213885 29.9278198337266 30.0736229942453 29.4622690911613 30.4709861999903 26.0756706529286 28.4311273079349 31.9485132674433 29.1537133140874 30.3856002079933 30.3856002079933 33.3614882761546 33.5053667343009 33.6955887320581
A6601 35.2025822916445 36.4648447137788 36.0006999931946 17.8003230307767 27.7223664213573 21.0841385880477 25.9266773806441 26.2231005031823 24.2802203449639 24.9203150060347 23.6012351371703 24.259251843369 28.137535428676 29.3370397279616 18.1829783038973 9.18092587923462 8.98412488782296 0 20.3849675005873 18.0900967382709 22.0313821627242 22.0313821627242 28.183938688551 25.9752131848807 25.0409864022965 26.6540559765301 22.3013048945572 19.281211061549 24.1545502959587 22.9486383038297 24.003126879638 25.4159241421594 28.7762106608914 33.5776175450254 36.3696714310151 35.8953854973031 35.2424800489409 34.208877502777 35.8343536288852 32.061272588592 32.029551979383 34.3877798062044 31.0409568151499 35.3582903998482 33.1855992864375 32.4765592389342 34.2010233765015 35.2625155086814 32.8084455590325 32.8084455590325 35.6609842825461 34.9222235832714 36.4156449894822 37.6751257463064 33.4797864389843 33.1681262660404 30.2428537013292 30.3317193709819 36.6846030372417 38.4960738257812 36.6903393279484 41.4813186868499 35.0350995431724 36.1485421559432 32.7358152487455 34.106772054828 30.9843767082702 33.240273765419 35.12023917914 35.3516689846462 35.4161940360621 28.5987482243542 30.1268800243238 28.0225016727629 28.162348978734 26.7576250814604 24.2438095191329 23.4782154347386 27.4577457195597 28.2343390218365 28.2343390218365 33.8379786630348 31.247222276548 31.3868969476118 30.8016200872616 31.7678375090279 27.5799764321872 29.816832494415 33.1876784364318 30.5066140369593 31.6859464116191 31.6859464116191 33.6917467638589 33.8342208422183 34.0226042507037
A0301 33.1206627349152 35.1495490724988 34.6677991802191 24.6343053484364 21.75604973335 23.3206732321346 26.3444320492965 26.636206561746 25.9682806515949 25.3546563770839 26.8200894853093 26.226402727023 21.032684089293 24.782538207375 27.3160685311778 22.3570190320624 19.8343641188721 20.3849675005873 0 9.39655788041557 16.8442779601858 16.8442779601858 23.1498272131781 20.1974503341387 18.9809457087891 21.9986181384195 15.4573057160684 17.2407192425374 20.495365329752 21.8371770153562 22.9428071516979 28.4730205633333 30.4675007179782 33.6223125320077 31.4813198579729 31.0275007050197 29.8360503418264 35.8103420815831 38.2901841207378 34.3226907453364 34.5847292890952 32.764250334778 31.8595527275572 35.1114055543209 33.9525271518925 33.259840649047 36.0612271005855 37.069490150257 34.7432899996532 34.7432899996532 34.7976019288686 34.6722338478501 38.4336063881598 39.6290045295109 35.3779338006051 34.4585533648759 32.3315990943844 32.9356478606388 37.8553483671726 40.1911109575239 40.1524880922714 43.7932997158241 38.1197835775598 39.1455846807785 36.3031224552379 35.1480497325243 33.5465572004043 36.6362102297713 38.954079375593 37.0687577347825 36.9340804677739 32.3101795104886 33.6702866040668 32.1176540239165 31.2304787027032 29.5317761064247 28.6599720865182 29.1361716771439 29.0033635980381 29.73962340044 29.73962340044 37.6454313297112 34.9973370415522 35.1221013038799 34.6000650288406 36.1021966090708 25.6827529677019 29.2898651413761 30.432024250779 28.2873682056143 30.6173104632004 30.6173104632004 32.1559559024452 32.3052039151589 32.5024506768336
A3402 32.3482178798153 34.4226625931231 33.9305938645347 22.771774195262 23.9940617653619 25.4213119252331 28.2208858826225 28.4934518793354 26.7161917196295 27.2992289268397 27.5448815571968 28.1107363830975 23.0362562062502 26.50414118586 25.6490214238282 20.2864733258396 17.4673037415624 18.0900967382709 9.39655788041557 0 17.5795051124882 17.5795051124882 24.9841910015113 19.6849663449039 18.4346738511968 21.6828111646069 18.0893228176181 14.4550025942578 20.3302164277708 18.881615396994 20.1500744415498 27.6740383753438 29.7221819522053 34.2032630022342 32.1010404815794 31.6561068358066 30.489230885675 34.5555393533367 36.1654379207552 33.0113889438175 33.2837527932173 31.3879084999303 30.4423356528372 33.8306887307959 32.6263513130108 31.904885205874 34.8154678268151 35.8587757738604 33.4484812809192 33.4484812809192 34.1469266552643 33.3746685376799 37.3440169237322 38.573196652598 34.1072265070029 33.8013520439642 30.936014610806 32.2474247033775 37.258111868424 39.6290915868633 39.110814361248 42.8402450973381 36.9435055185617 38.0010723532902 35.6799131164861 34.5039838279582 32.2924913873179 34.8742111021884 37.879464093358 35.9378115638668 35.7988798707446 30.4825064586231 31.9205842678357 31.4115138126134 30.5038079590073 28.762220011675 27.8663506760394 28.3558812241835 28.2194011275931 28.9755880009362 28.9755880009362 36.0889733852322 34.3504454119594 34.4775506670645 33.9456035444945 34.824699567979 24.7940174235641 27.2604420360346 30.7283842725256 27.4829892842827 29.1000137457012 29.1000137457012 31.3597576521248 31.5127767738738 31.7149523095968
A1101 33.2731573494311 31.1221866198376 30.5770502174425 24.7925936521373 24.3348474414778 27.9201378936423 28.5111942927686 28.7810111010715 27.0226701123335 27.5992336850138 26.9655502447104 27.5433095324436 17.254926832647 19.1487205838928 28.5657574728905 23.8677858210601 23.7927783161194 22.0313821627242 16.8442779601858 17.5795051124882 0 0 25.5885443118596 24.5826951329589 19.8965976991042 22.533546103532 18.9152689645165 17.4661415315461 21.068495437501 22.3759647836691 23.4562123967191 32.4390998642071 34.8984283313733 35.4290982103694 33.4041105255027 32.9767630309586 31.8582956229614 32.3612221648071 34.07495121053 32.306773283632 32.3883775450392 35.9755444712099 35.1535887214947 36.8452425694281 34.7656036910047 34.0894426472478 37.7514661966923 38.7157358189148 36.4946201514689 36.4946201514689 38.7363498538517 38.6237685887848 41.5820610359804 42.6893862687202 39.2585009902314 38.432064737664 36.5371591670726 36.4189401273568 39.4688294733958 38.0668031229311 36.5976010142742 41.3993140039784 38.8457333564447 39.8528530973631 36.190214146921 35.0314187551689 32.8554470369831 36.8833160114434 38.3605161591968 36.444501642909 36.3075088652472 32.7138869595161 34.0578757411557 34.4707006021055 33.3918837444071 33.0585767993724 31.5291658627373 30.9443468181185 33.6277682875329 34.2648055590572 34.2648055590572 33.9473739779677 33.7901657290994 33.9193705719903 33.3785290269059 34.2721738440969 28.849577119951 30.9949431359375 30.1007607877276 24.8858373377309 28.4364730583805 28.4364730583805 27.2093403080633 27.385560063654 27.6179651676223
A1102 33.2731573494311 31.1221866198376 30.5770502174425 24.7925936521373 24.3348474414778 27.9201378936423 28.5111942927686 28.7810111010715 27.0226701123335 27.5992336850138 26.9655502447104 27.5433095324436 17.254926832647 19.1487205838928 28.5657574728905 23.8677858210601 23.7927783161194 22.0313821627242 16.8442779601858 17.5795051124882 0 0 25.5885443118596 24.5826951329589 19.8965976991042 22.533546103532 18.9152689645165 17.4661415315461 21.068495437501 22.3759647836691 23.4562123967191 32.4390998642071 34.8984283313733 35.4290982103694 33.4041105255027 32.9767630309586 31.8582956229614 32.3612221648071 34.07495121053 32.306773283632 32.3883775450392 35.9755444712099 35.1535887214947 36.8452425694281 34.7656036910047 34.0894426472478 37.7514661966923 38.7157358189148 36.4946201514689 36.4946201514689 38.7363498538517 38.6237685887848 41.5820610359804 42.6893862687202 39.2585009902314 38.432064737664 36.5371591670726 36.4189401273568 39.4688294733958 38.0668031229311 36.5976010142742 41.3993140039784 38.8457333564447 39.8528530973631 36.190214146921 35.0314187551689 32.8554470369831 36.8833160114434 38.3605161591968 36.444501642909 36.3075088652472 32.7138869595161 34.0578757411557 34.4707006021055 33.3918837444071 33.0585767993724 31.5291658627373 30.9443468181185 33.6277682875329 34.2648055590572 34.2648055590572 33.9473739779677 33.7901657290994 33.9193705719903 33.3785290269059 34.2721738440969 28.849577119951 30.9949431359375 30.1007607877276 24.8858373377309 28.4364730583805 28.4364730583805 27.2093403080633 27.385560063654 27.6179651676223
A3201 24.9157379983014 27.5555166890407 28.1592080854558 27.0710269476428 23.5387680221374 29.632116022991 27.4363189950839 27.7166015232748 27.0753411797525 26.4873762385027 27.8933630098631 27.3230067891512 24.8151707630635 28.0640891532221 21.5340126311842 26.0959537093397 27.7882978967766 28.183938688551 23.1498272131781 24.9841910015113 25.5885443118596 25.5885443118596 0 23.3442862388208 24.7138989234803 23.4324539901394 17.2332875563544 22.1977273611512 21.8659072530732 23.1283419206825 24.174993278179 34.5986531529769 27.3851583891713 26.2599162222578 24.4905287815515 23.6469046600184 22.6435377094658 33.4872498124286 35.9321596901717 36.3127801194015 36.5605579826129 34.5521374157953 33.6081746008319 32.7384040539547 31.4923228739958 30.7442563741587 29.4681013979523 34.5759396112383 32.0693732398998 32.0693732398998 32.5257805440546 32.391620830085 39.3434492641405 37.2536078789692 36.7210116963027 35.8361046990322 33.7959583382392 34.374283992543 34.0514625236567 36.6305896758433 37.888729194841 41.3899987919787 33.9635539954228 32.7759683304704 31.9111547895089 31.0720211766148 31.44547980235 34.1110011579842 36.2311909823566 34.6276580207209 34.4831147085062 35.5728969863294 36.8126540743805 38.544888117622 34.7388154662763 36.7744490101483 34.7526675235154 36.4575204861768 35.0363953625369 35.6482692426996 35.6482692426996 40.4803878439918 39.8132879827828 41.0819510247505 40.6365500504164 41.9229447916055 33.09904681407 37.2521100073539 36.9059778355756 32.729920562079 37.0589098598434 37.0589098598434 32.908226934917 33.0540784170426 33.2468825606251
A3002 27.3233288601517 29.7502403351637 30.3102507412921 28.2281030180917 26.5474650390579 27.7787400722207 30.4215597890706 30.6745774217022 28.2322404353604 29.5685779164301 29.0176670323443 30.3194063266417 25.745426778362 28.8899186568602 25.3542264721289 23.4550783413742 25.545387059115 25.9752131848807 20.1974503341387 19.6849663449039 24.5826951329589 24.5826951329589 23.3442862388208 0 18.967295537319 22.8904608953162 23.3065677438785 24.4965834352466 22.2346261493194 23.4772421719417 24.5089983475457 32.0363933675437 29.2899539091478 32.2509953334777 30.0123357971352 28.6624737243665 28.2817379239678 34.2828616075146 33.8972742266985 32.6085648258245 32.8842652343032 30.2747601146565 29.7889123668522 33.2985975680658 32.074287209539 31.3401148689662 34.912927405189 34.8830144912965 33.7169393628781 33.7169393628781 32.785678275735 32.6525864212929 35.0214434311323 36.1743279135909 33.5087481115007 33.368999085978 31.1677798375181 31.7939475372279 37.0039214138177 39.3902043660603 37.0095947019148 40.8760333202721 35.8968675513616 36.9843750792142 34.1852848459684 32.9560677265963 31.5342242650743 34.1026729157701 35.8798759752594 33.8236307926869 33.6759780852761 32.9382498017123 34.2734416130041 33.9542736632666 33.0369853346215 31.6969967031578 32.2026644860328 32.4545636236262 32.5086557704252 32.3295932544781 32.3295932544781 37.0283796566903 36.8428826233779 36.8091157187999 36.3113412035413 35.4691105047758 29.584141021838 29.4323767303967 34.5774478526105 32.2051145006504 31.4066473855456 31.4066473855456 29.949375619535 30.1095632648499 30.3210966160527
