A2407 A2402 A2301 A0205 A0206 A0207 A0202 A0203 A0211 A0201 A0204 A3101 A7401 A3301 A3303 A3401 A6601 A6801 A3601 A0101 A3002 A2902 A3201 A6802 A2501 A2601 A3001 A0301 A3402 A1102 A1101 B5101 B5401 B5501 B5601 B5502 B5301 B3507 B3501 B3503 B0704 B0702 B4201 B3701 B4001 B4002 B1801 B4402 B4403 B4901 B4501 B4006 B5001 B1510 B3802 B3801 B2705 B1402 B0801 B5201 B1302 B1301 B5802 B1517 B5703 B5801 B5701 B1503 B1501 B1502 B4601 C1701 C0801 C0303 C0304 C0202 C1202 C1203 C1601 C0302 C0401 C0403 C0501 C0802 C1403 C1402 C0702 C0701 C0602 C1502 C0102 C0704 G0101 G0103 G0104
A2407 1 0.89832549178003 0.925571291910016 0.208911257413279 0.182555809110863 0.196457215639669 0.185440983755697 0.117363742892523 0.162901594385482 0.185873290378782 0.218953069271399 0.0858367825941456 0.0197014914595742 0.0359777471082836 0.0908871658572179 -0.00505482644263278 -0.0101954921507726 -0.00888032424814697 0.0120111192891322 0.0177466427147741 0.0854969552892367 0.241872780474184 0.258080636950893 0.124692694561472 0.196059466231129 0.123963286983298 0.13262033470696 0.065787148588551 -0.0054820850846665 0.0188585364953797 0.031174983722162 0.120080256591347 0.00898841080278511 0.0137849264226076 0.0103871778806391 0.0119965962512604 0.246479021765859 0.186437858371723 0.23391493809718 0.178892341512744 0.171750792665509 0.183430688161895 0.197620581438317 0.290978357920817 0.174518952846967 0.16914164392885 0.142443486000257 0.222976463589782 0.230494978050493 0.0809468406089371 -0.0117527356783052 0.00479213344815042 0.0415453339695782 0.171567532692479 0.219621985395051 0.23553576921796 0.210026564463094 0.138650598688188 0.202181305501655 0.0906372613448927 0.167203158169702 0.296894717590543 0.263143883705518 0.315777463820312 0.41564711549136 0.256196592038115 0.252766308990743 0.206197347941907 0.209229331952575 0.137517099113371 0.18985434491466 0.23762525682044 0.221209262681697 0.247803196414043 0.259385182129144 0.265842246573753 0.262949395995048 0.208899191489108 0.270727075038309 0.288539996596575 0.513051467718882 0.328360717154079 0.191456719792201 0.166719308182976 0.761923869089802 0.750721392200429 0.442576843928703 0.296548005934182 0.24714964456246 0.246166338348724 0.207463919585467 0.314203306907632 0.311045517754222 0.314908587951813 0.318035519787797
A2402 0.89832549178003 1 0.979938475646438 0.280697040128946 0.242557301997574 0.241495829894023 0.239101527365034 0.168305769834262 0.207734650183895 0.233468547303259 0.293765645046697 0.11224560501515 0.0260192032440073 0.0632661080909435 0.126981984337323 0.000975884253954058 -0.00660486213120055 0.00157224631683879 0.000458222202536235 0.0159645743027315 0.0964728052195252 0.179040628017048 0.217242419829268 0.184897209025037 0.194321117680656 0.130494749169472 0.127531837850052 0.0613470776394694 0.00532875044084611 0.0280726497736656 0.0371633950526716 0.131890901690798 0.0191115773714281 0.0095969089312085 0.0137382564231907 0.0150320631712485 0.202845135474195 0.16300543609835 0.21903473040166 0.199921137664535 0.185026139787485 0.200795544310393 0.209264716850655 0.267986058849236 0.206831102287041 0.190570250709432 0.120782083538203 0.2097818542885 0.204642432034277 0.0936859936005628 -0.000454503559301559 0.014018485371544 0.0469263913862221 0.196371439279627 0.231168687291718 0.245394882614488 0.207977356850254 0.184167181049218 0.245400597191921 0.0885111908029464 0.165593898183387 0.295119111876564 0.262031887673437 0.264499268656293 0.347173484349582 0.198641626525545 0.20737040459812 0.16828705874784 0.171747002657285 0.107540892141201 0.170949844580165 0.265620366132394 0.248233898462564 0.265705752180025 0.27831174189662 0.218001036507614 0.22253712652841 0.204426805806264 0.246820606009711 0.262011611723902 0.408317483056006 0.281069735896024 0.179811518882957 0.182010492895767 0.748259074763413 0.732705636724653 0.486911057313358 0.301551623491955 0.309289974985001 0.236945964261257 0.255220351523504 0.321572533144877 0.320528118699327 0.323189567813485 0.317501719371368
A2301 0.925571291910016 0.979938475646438 1 0.292362205525235 0.268207894573831 0.231279808028699 0.237865680070448 0.162522774217935 0.224601521764725 0.24365300332988 0.300438068488159 0.109281379678798 0.0315391586908126 0.065110202794586 0.128320663476378 0.0104682657897974 0.00157089148904011 0.00974896062110041 -0.00281026114010856 -0.00938533556735229 0.115962102839744 0.19747464029171 0.25169736260693 0.183128192952229 0.215875993912468 0.157358194534786 0.145389658314506 0.0609962543880544 0.0157015558284602 0.0383059312297787 0.0468034387655229 0.128747004733664 0.00889426114377557 0.0175860078217467 0.0163601288500781 0.0200304611112129 0.214576707120929 0.175449902341881 0.221558162664919 0.202345334017059 0.194605131247751 0.202033518746396 0.215672019257508 0.294630370512863 0.215534452635759 0.20948372593022 0.12796548304851 0.212212558511938 0.217326917015 0.104364465270044 0.00223096714379972 0.0301527520231924 0.0432057960987124 0.198201190902363 0.229605328013529 0.243659669073592 0.223084293579214 0.192047521290406 0.239738339347066 0.105998345905078 0.188176314580048 0.314007154149679 0.294963543540061 0.30262963487178 0.390996367244833 0.225981396075211 0.2224628779631 0.19077623130352 0.193256676304736 0.125932894910326 0.182631412386022 0.274469232578875 0.254152812560169 0.273816688554711 0.285311934525929 0.240180471602151 0.238791391752908 0.211221700371417 0.237089277720683 0.266744198247388 0.415153348642973 0.274682765080108 0.18355295029435 0.171838236064804 0.761174626711722 0.747118720324523 0.476358382091464 0.318204583081884 0.291599567761275 0.255151979127287 0.237497944601676 0.328460018317445 0.340596216522623 0.344934760517602 0.335757611849669
A0205 0.208911257413279 0.280697040128946 0.292362205525235 1 0.809600971616609 0.664502832014588 0.756345057341518 0.656706970810626 0.72765077389429 0.669972698899619 0.738731771633218 0.142584408934726 0.192416784702064 0.0608237128100177 0.0702426885131245 0.165807793828086 0.157595031772807 0.199199226495233 0.0715851401936328 0.0871616446120146 0.206831422917944 0.150560617586129 0.345208368236082 0.675266154067714 0.390339508546778 0.377588596640774 0.343021169678692 0.224376755177164 0.145331670605189 0.194705592718554 0.205924957667291 0.192088760211381 0.158118614452004 0.136173387670735 0.149852863424009 0.149411429860755 0.202577444612405 0.186245908590849 0.238323163687088 0.427386757342362 0.381918117696122 0.385735647690081 0.398743417867556 0.247994825029131 0.442729641049977 0.417456234081308 0.0742986790332871 0.143784600841718 0.136908388747533 0.23443417789867 0.0950693910815076 0.156447914789367 0.117828077461722 0.41301513695432 0.352722802361811 0.351470100824132 0.233344007984116 0.395637673969142 0.517407305466325 0.343537682791827 0.529518513630175 0.635037512134784 0.379152848748949 0.370898195713827 0.331508991364444 0.211100511014989 0.182883488672074 0.174321873177637 0.344964245932084 0.25786790288619 0.317191859644409 0.592803737758625 0.608388783607657 0.580506384268925 0.59363516302921 0.352272388175739 0.353902829910865 0.476831208605669 0.368783377099577 0.395453590423213 0.273060655876734 0.370131601948117 0.364209934440233 0.420278304192934 0.347107294591779 0.333301099840288 0.336250401733496 0.46570673445674 0.592555998024423 0.542202681753371 0.536401698782841 0.590232343212616 0.576157914116604 0.582593284973642 0.571908674219086
A0206 0.182555809110863 0.242557301997574 0.268207894573831 0.809600971616609 1 0.670985168518847 0.554421678020401 0.708973698993924 0.755104258290033 0.716790732767234 0.683040141061992 0.206110918925255 0.201241573345916 0.0919045460436325 0.100208842703059 0.153823787195736 0.148805586793132 0.181294381955952 0.107755187069745 0.123373278703459 0.190642976862377 0.202023295868528 0.314762776181195 0.640202321521756 0.373472896116234 0.352842243682557 0.347143092395421 0.290207213271587 0.210475794613517 0.253155774539472 0.262794155298229 0.352538778893887 0.246263752905548 0.182476368094187 0.199686155353934 0.210060055706104 0.145332034293516 0.14890942334032 0.189536553718041 0.252191499284573 0.256147208774103 0.237705925441048 0.261196263676184 0.263379216466055 0.261630932354876 0.326083250850345 0.0572444218090131 0.107298468685569 0.121514956176832 0.352152936623561 0.120730198850296 0.216576104600741 0.192128723324936 0.266561194425193 0.228814842682579 0.234502277035691 0.218295767282871 0.282017756757302 0.456898706732839 0.511586112471784 0.648370543064647 0.487209844252675 0.283929570875939 0.331684794482879 0.296274292597673 0.207587306689978 0.196125244542718 0.159302442841948 0.286303804313977 0.240125027929373 0.268162280420621 0.393651411912006 0.455052947149091 0.419881213171912 0.430312972560715 0.320087648264918 0.261055671222326 0.446478701284163 0.312812114365965 0.360502282507018 0.229151136770906 0.313835764590423 0.335939688497521 0.316284905789175 0.252448447307328 0.248389778728081 0.217018927626215 0.322744991742065 0.498992416178762 0.615389813019453 0.372542060305976 0.466767489305592 0.403166543551796 0.407979489811017 0.407930943726781
A0207 0.196457215639669 0.241495829894023 0.231279808028699 0.664502832014588 0.670985168518847 1 0.770154845955331 0.753026691913567 0.828658517155276 0.83905633688038 0.79333930685909 0.136088107277853 0.204225609223962 0.0479101120724467 0.0334243095298271 0.0810916518053232 0.0439366892487597 0.079513163256173 0.269825574780261 0.364039509588297 0.118170350370426 0.199761529221351 0.300120525911017 0.46343194627844 0.18501402811957 0.179863076157612 0.256309872412735 0.329610892034234 0.0712265534964234 0.109751449945683 0.11771459899627 0.231756958818538 0.142634579944102 0.0767150217436745 0.0923269238317562 0.0910083848565712 0.16484538008126 0.134658395456378 0.196806313796791 0.336391444477107 0.270909599656657 0.283886609405681 0.295569401310639 0.193723707836299 0.326639727433294 0.28898262568582 0.0429019824511864 0.105246143273188 0.108814416391584 0.209328130090108 0.0385748162302657 0.065356746049551 0.0817311489616626 0.302137322924127 0.326444121521127 0.317306980028439 0.17578455670902 0.261765297758062 0.514246340205018 0.235906425146641 0.475531645522114 0.56886904490908 0.218366631792505 0.237415100056903 0.182038054160327 0.104855812331753 0.0918166143651218 0.0620251826500134 0.193252698283717 0.283413610417026 0.262514376734779 0.438558972584708 0.510465962126553 0.45110100191458 0.458995770214835 0.210842169454682 0.228000973010444 0.328704375391234 0.263864511985376 0.331362667578828 0.569604522007044 0.636208536962923 0.62233538109146 0.654080942239972 0.277704032287122 0.268098592005373 0.292790559427236 0.334526884618193 0.478364575891884 0.440233674091888 0.525617618594714 0.467868339208018 0.49903103188282 0.503361180302094 0.507028963983233
A0202 0.185440983755697 0.239101527365034 0.237865680070448 0.756345057341518 0.554421678020401 0.770154845955331 1 0.829657683645844 0.848670587460354 0.885096988451142 0.904924205870082 0.119239428766951 0.247620381548872 0.0423973073831884 0.0233875625006205 0.0848730683588139 0.0411631990926667 0.0734401006068946 0.0559578383418677 0.113035998515786 0.147269137467405 0.163341588957571 0.379788520858623 0.464984796665272 0.154959953120716 0.162642639708599 0.238858533847593 0.332525406657983 0.0377399368555508 0.0759486970001982 0.0835281570130176 0.109633585084772 0.0647311506232067 0.0564984671093465 0.0644347053566377 0.0645237361778176 0.162514765957252 0.129035639558779 0.171658797775339 0.379673140344952 0.335369455768424 0.355205023379582 0.346619873759631 0.216925552429585 0.399182217445417 0.344219688519116 0.0516038464493538 0.120868743786 0.105302893064916 0.157753292627596 0.0429226006656151 0.0631197642512392 0.0482886805786089 0.366490089634618 0.317574181316025 0.310246150273768 0.193664428174091 0.334461852637219 0.588040034077415 0.151365881725308 0.452269767472671 0.636598866737048 0.281235149381985 0.263341604038291 0.21168849753607 0.117451560662622 0.0862803496697513 0.0884113015212999 0.237438070939995 0.335485903704023 0.26642382492896 0.500729124253746 0.48606898020958 0.46595169304472 0.477615993761271 0.222007884343092 0.243309028236021 0.331963406927038 0.304843812652483 0.297767833966369 0.262481143358279 0.292390724413375 0.294690145268885 0.367922384598849 0.282912960523781 0.262325748279424 0.277042466977075 0.382569143742558 0.479555793819757 0.397294628724434 0.443721713047738 0.498362901026318 0.481429612313218 0.489947770944484 0.494326263342859
A0203 0.117363742892523 0.168305769834262 0.162522774217935 0.656706970810626 0.708973698993924 0.753026691913567 0.829657683645844 1 0.883226827571598 0.915594747282628 0.841612282529728 0.177603892120763 0.281408915890744 0.0864062323120616 0.0680919716652148 0.109863619140642 0.0699626812318557 0.106723489018736 0.063552060382971 0.135312229412663 0.139716996743592 0.204011313253718 0.336517380019926 0.482073798080661 0.214690584183774 0.221848746299907 0.308142192306321 0.411172670927405 0.0952319313852077 0.132041753039647 0.137273789101381 0.282620206821493 0.205737612191254 0.187151459095897 0.184119107064089 0.187207262929694 0.10495721534655 0.0944620030999285 0.136970680282164 0.186025692126741 0.254554660084954 0.229890594025025 0.249446344245313 0.178691089873011 0.194797445098279 0.263168415251303 0.0559764223876956 0.0981849760002711 0.1044789676223 0.289414820091905 0.114214706537838 0.169319650767225 0.153321074086231 0.229878297319143 0.185839116281946 0.184262894949524 0.162025837605998 0.216531203168505 0.542033514378538 0.381813010483196 0.602834095322139 0.465844721450154 0.167516792624082 0.217803314154154 0.122826902125375 0.0822329577567251 0.100540403566194 0.11051023335452 0.272956346019244 0.369613399277378 0.338086020281803 0.318078311866518 0.312128697963684 0.311025338731274 0.316228260366912 0.274136363453473 0.251778593032494 0.378034097647788 0.275664876573979 0.279821046263794 0.201926068995314 0.221247991345023 0.228405348121663 0.229854266668646 0.215013662731353 0.202118198200457 0.184410723210047 0.253981179250755 0.481021762286378 0.465468993298763 0.299768321528057 0.361721321980689 0.266792900965822 0.270794183292813 0.289801769627543
A0211 0.162901594385482 0.207734650183895 0.224601521764725 0.72765077389429 0.755104258290033 0.828658517155276 0.848670587460354 0.883226827571598 1 0.924421213909667 0.857574472785891 0.17930783782348 0.287819204037247 0.0736063584072304 0.0537167438888113 0.0866661816108373 0.053503985880642 0.100795555850214 0.103378518777152 0.150487942181528 0.194911324125009 0.201637266962402 0.457442142156677 0.558611437996178 0.162539490235491 0.178991608639289 0.297156498239604 0.379988999490521 0.0806538459891677 0.134173283863458 0.141047062584356 0.303917968335625 0.203964295173943 0.143726602702251 0.163334362878424 0.173590477158884 0.130193255058556 0.120718242723073 0.173590895707114 0.255768387115311 0.254205856742902 0.25400386289297 0.270779396759813 0.228343298641355 0.2716715777852 0.304318359230855 0.0712386868144693 0.0995935427184536 0.108564960832135 0.279274707028832 0.0689499552221381 0.160529952963358 0.117391048795041 0.259054008830196 0.229019790208504 0.225473861547518 0.199980352300303 0.268475897474382 0.521401864140104 0.397936189222288 0.632710264538787 0.565104152966573 0.307788494691369 0.256266284473734 0.265739231165319 0.16435647858682 0.159838281517318 0.0998354138119401 0.238082929536612 0.318371386670232 0.263447692514099 0.374929973292574 0.416661453212666 0.374779752126528 0.384095605827998 0.265774994244925 0.244802361354074 0.394835736580186 0.266970403263514 0.29222689331688 0.270688008434516 0.319534298630631 0.329704106545208 0.337719754975787 0.234024923114662 0.219455021321573 0.216810828145609 0.322992087987178 0.491272844369486 0.494370647215651 0.356568055525991 0.404787779090908 0.385971104741825 0.392060999526602 0.395622589436333
A0201 0.185873290378782 0.233468547303259 0.24365300332988 0.669972698899619 0.716790732767234 0.83905633688038 0.885096988451142 0.915594747282628 0.924421213909667 1 0.942757223753216 0.192448522007518 0.278828523498613 0.0807144590836243 0.0560786788219478 0.0836582069671579 0.0451919879899662 0.0872224632658023 0.0900702649883224 0.174743773504751 0.130237223700752 0.250189816799143 0.377706151400103 0.465267786091265 0.158716975353178 0.162177319364503 0.265264011655084 0.437039254715242 0.103010081247722 0.150372719213835 0.158548322049563 0.2690870983565 0.187934241607267 0.126161164815809 0.141501884715576 0.145636789446181 0.141978001851029 0.136505800206363 0.191257324708386 0.29954407849016 0.267714704108099 0.281940290248238 0.283930007785844 0.237211954953553 0.306732044360855 0.308224625817044 0.065060071332041 0.120977601975012 0.128656008702924 0.243903642720782 0.0868288629373776 0.140540450050437 0.138496625211696 0.30816897660726 0.264105383225584 0.26487204609907 0.231857406055174 0.302916494579327 0.609176281345642 0.304326659932395 0.578270781541319 0.567318394877153 0.23178543898217 0.283164682278386 0.194964343866793 0.111009798297835 0.115134422764103 0.105250923303965 0.226533358922448 0.352903705570073 0.265877716356101 0.425700764210731 0.422418548896203 0.413679253058714 0.426149616183424 0.22417698213642 0.208949197967111 0.379050999010985 0.294288476700861 0.32182088593219 0.28301819210951 0.322906746902588 0.316712047696738 0.346122553871543 0.268480893671273 0.259696063769039 0.243040496065167 0.331970267995268 0.48246912064164 0.484839632158293 0.373446222078985 0.472876941789614 0.405122709180699 0.409203214232322 0.428544213131941
A0204 0.218953069271399 0.293765645046697 0.300438068488159 0.738731771633218 0.683040141061992 0.79333930685909 0.904924205870082 0.841612282529728 0.857574472785891 0.942757223753216 1 0.202844486384183 0.272681056537905 0.0936991658174749 0.0724946400133 0.0826697073191304 0.0450677448847406 0.0801427110549164 0.0588031572859946 0.130290783176882 0.154162147446374 0.221586179359462 0.391418252015946 0.46966510563811 0.209651920163158 0.198641290177183 0.279128635425086 0.393222122824706 0.10311997780074 0.161576203042763 0.167984763605651 0.207007851137825 0.118839889019171 0.082783048130157 0.093056292025552 0.0960110342407791 0.156655754343358 0.149471955531262 0.213207015243866 0.378814692307516 0.355560560011497 0.364500546636871 0.36464329813768 0.287270897553541 0.399463436922084 0.369487087287617 0.0707221866506549 0.1584332708756 0.152073112573236 0.197183998891022 0.0657663519812359 0.107685782368222 0.106704398919982 0.379491914709967 0.318169941814861 0.319263397809794 0.275228689363146 0.387386956855783 0.659058356902977 0.227596545028886 0.495216303737118 0.600409585596939 0.31018106071331 0.335773324285454 0.244201959049581 0.128639848132899 0.137047670658451 0.117867463098244 0.23852853717647 0.319395169955455 0.278788636355116 0.528577757159567 0.500130066673662 0.504197167218099 0.521818682285043 0.22116172420904 0.243810458203819 0.38258904497227 0.339419445202062 0.353299615873849 0.282858913029474 0.328925106063579 0.312890869748803 0.379861820409888 0.330351497092184 0.315905207397471 0.29858971801805 0.429524660563265 0.515571408436242 0.489648505447631 0.453071438736823 0.551413274696194 0.480707810967478 0.487555425132598 0.498363148305089
A3101 0.0858367825941456 0.11224560501515 0.109281379678798 0.142584408934726 0.206110918925255 0.136088107277853 0.119239428766951 0.177603892120763 0.17930783782348 0.192448522007518 0.202844486384183 1 0.932665917741785 0.808575686413544 0.821456311653757 0.680073508570311 0.767086068301027 0.785400956880631 0.0967240357408468 0.0753929578634962 0.144115255137165 0.15057636905334 0.206331718173918 0.152816263525793 0.0932377060089771 0.118120108525168 0.274899642915006 0.380132178489425 0.351905713546965 0.35320979101641 0.37263376123855 0.0377635103003967 0.0525059992250087 0.0583623183869227 0.0648709556017809 0.0648378828107986 -0.0223278204074072 0.000593919681179197 0.0426388584440269 -0.0378797761745613 0.0449623888194944 0.0458766990056841 0.0412850217468073 0.0793514338797075 0.0132091664888421 0.0313213994023683 -0.0051096920111886 0.0623428808614347 0.0625061438049676 0.0332582297759845 0.0318092763072418 0.0607864799394948 0.0737723410872574 -0.00644883516196792 -0.0243321450239226 -0.0118465509731418 0.17130855857162 0.00260647437283534 0.109076639559293 0.080551891523528 0.168686551660738 0.120166208910388 0.174803498158671 0.179574489511043 0.187132555871797 0.146717549037894 0.189195151380559 0.0637627258459821 0.127125427221553 0.0860424357667285 0.107350466504516 0.087823831647673 0.0601599284902669 0.0685864292346686 0.0742010378967731 0.104363889069039 0.0961524667580799 0.139111022662137 0.0952279707638624 0.0988186451442813 0.0289271956095062 0.0658896920674545 0.0348031286477714 0.0249954912055553 0.0689541641653742 0.0679316072775122 0.0469277111303862 0.128269205718616 0.0987594780963255 0.206173037517214 0.0404831457229708 0.136864676023327 0.0929071353103099 0.0950415355488849 0.117490311335864
A7401 0.0197014914595742 0.0260192032440073 0.0315391586908126 0.192416784702064 0.201241573345916 0.204225609223962 0.247620381548872 0.281408915890744 0.287819204037247 0.278828523498613 0.272681056537905 0.932665917741785 1 0.765057741959979 0.761163062518559 0.666897478788269 0.735583228733149 0.761869917508142 0.118421984308804 0.0626402083293135 0.188580580928784 0.106454740140888 0.345764215181311 0.127764960338968 0.0905157159355198 0.123739567162623 0.308253941568262 0.421507393368214 0.318071127634563 0.318766534436564 0.337808844668958 -0.00347564500464954 0.00620481244337017 0.0515365869061577 0.0518586540777111 0.0553233325910134 -0.0232803228399113 -0.0144592954727168 0.00711010070208812 -0.0363535798788365 0.0558449048419207 0.0383266971626905 0.0451144606367479 0.0636878723353373 0.0139613100243123 0.0323378388515057 -0.0223330325488275 0.0165004034769784 0.0145908136991241 0.0206329798415165 0.013123347822241 0.0556980950545927 0.0151700418515335 -0.010273309392396 -0.03022063265713 -0.0218628716758878 0.130358160906933 -0.0179451548987037 0.119981268089984 0.0909452276003474 0.243482933912728 0.2477224216318 0.18568130814729 0.151236684804347 0.200754516305051 0.16591333393813 0.172035667362024 0.0800866315624231 0.19304210972804 0.158092950624531 0.117518042272948 0.0671000034764452 0.0297370666956447 0.0280593421596721 0.0308489558149196 0.100951044185605 0.0983291688422504 0.11103249205434 0.0515184225202757 0.047691711607415 -0.0057638060014292 0.0479698013425425 0.0388296499398265 0.0195204307670355 -0.00247105791981198 -0.00764568371166889 0.0171199386397371 0.150899700187464 0.077537757453959 0.176452766125474 0.0442041059999806 0.110369847120619 0.137702979566973 0.141377590459338 0.163993198473409
A3301 0.0359777471082836 0.0632661080909435 0.065110202794586 0.0608237128100177 0.0919045460436325 0.0479101120724467 0.0423973073831884 0.0864062323120616 0.0736063584072304 0.0807144590836243 0.0936991658174749 0.808575686413544 0.765057741959979 1 0.902684738319051 0.771347544304711 0.833854441881777 0.826500726932976 -0.0118308031751503 0.00689599477069124 0.031031267764185 0.0584452694872087 0.0322227102594494 0.209981267063167 0.241651909175091 0.258786682205302 0.138097830082161 0.199046553962927 0.423566170646696 0.222212327059072 0.233633445842297 0.115905709572008 0.029804733386698 4.65955884552173e-05 0.00637020828800496 0.0054874513839694 0.00558125105814608 0.0243313612057791 0.047431548734469 -0.0199350219533823 0.00379381129814646 -0.00747323154777155 0.00687749394558025 -0.00314903924572656 -0.0402251902908906 -0.0286146318705053 0.0856523543134534 0.00606984449091126 0.017760201388442 -0.0341293454270249 -0.015412580404034 -0.0256151468179505 -0.0163879200522344 -0.0354252557041488 -0.0377979642148107 -0.0287841970513406 0.0512337080148036 0.116984518557397 0.162749385990011 -0.00380745560499483 0.00558896795275876 -0.0374013876004856 0.0369310755681669 0.0438685110907922 0.043156250762382 0.0217211624709546 0.0634679356651802 -0.049484266831101 0.00764653532302999 0.105502063968072 0.0880905341282684 0.0694819392127075 0.0488744515211581 0.0599430249162366 0.0576747307580204 0.0896466379916986 0.0996276414331971 0.0965129569836855 0.076623256631507 0.0806396443278512 0.00860577955855001 0.0431979083401408 0.0287598799790019 0.00647131900206282 0.0420545234351344 0.0436692664626495 -0.0113584043732581 -0.00787380820565763 0.0247973958951576 0.0489527850767362 0.00769466892621821 0.0402165877341553 -0.0129841407352437 -0.0107486870391448 -0.00403317230810123
A3303 0.0908871658572179 0.126981984337323 0.128320663476378 0.0702426885131245 0.100208842703059 0.0334243095298271 0.0233875625006205 0.0680919716652148 0.0537167438888113 0.0560786788219478 0.0724946400133 0.821456311653757 0.761163062518559 0.902684738319051 1 0.891127547289213 0.897220312397693 0.894626661633039 0.00329321431368233 0.0117968354954583 0.045325879499279 0.0634270783822712 0.0226186251489602 0.295368682770033 0.329042316346498 0.354485470017905 0.155312047057785 0.189370520467423 0.533049798025233 0.251550644168166 0.261495677173975 0.0423195802786822 0.0318653837982474 0.00440221174921287 0.00984306985377647 0.00665409698586787 0.00734787619901449 0.0245634495444443 0.0382233751861776 -0.0166195540678531 0.0104491365087986 -0.00225652001615323 0.0104117314388406 -0.00627844922589956 -0.0325488717740074 -0.0191645810090613 0.0277658411803526 0.0412626607113683 0.0584896821969072 -0.0237598617542494 0.0241909346852314 -0.0184426719018737 -0.0110610505014945 -0.0163935757905356 -0.0165715471416219 -0.00851385505972611 0.0554966798411926 0.0347848656827437 0.115732252308519 -0.000223443989964326 0.00332470872458201 -0.0477308938124804 0.0540709052891155 0.0647024271442008 0.0665380454242935 0.0441627933737751 0.0873424012489125 -0.0415725428760643 0.0140950501114323 0.0927671165796857 0.0928657783427169 0.0721305983666271 0.0573866892567008 0.0775990239202868 0.0743428921376116 0.104274411949849 0.109569364421745 0.105651272585663 0.0897425290945271 0.0952931672322003 0.0299786849185509 0.0543889308833728 0.0385476441336128 0.0164214886636522 0.0930454632712002 0.0930128678546617 0.0249928720019911 0.0070264950682543 0.0462957217508823 0.0625643019910131 0.018013090763434 0.0497872346961935 -0.0134318650777966 -0.0106179977332344 -0.00777277137249003
A3401 -0.00505482644263278 0.000975884253954058 0.0104682657897974 0.165807793828086 0.153823787195736 0.0810916518053232 0.0848730683588139 0.109863619140642 0.0866661816108373 0.0836582069671579 0.0826697073191304 0.680073508570311 0.666897478788269 0.771347544304711 0.891127547289213 1 0.948001381072736 0.910810628523828 0.0301315075958534 0.0286843244702485 0.0700947823591454 0.0936319721833198 0.061529594668202 0.412397861350789 0.496022281419711 0.52813527316228 0.13592365652012 0.25086168889788 0.621903813209818 0.277269892987247 0.291122432941101 0.075817258174363 0.0623801982676084 0.0599498013066718 0.0602437674207664 0.0534176808471578 0.0931855606348941 0.110929341391585 0.112374274337923 0.0588582712401831 0.0555075706308153 0.0875451692970727 0.0616294791491392 -0.0321139410297291 0.000905140844342954 -0.0011070782528281 0.0258363277701462 0.0599107931154568 0.0880346057943176 -0.00305773964902332 0.049008657918789 -0.0188597115042123 0.00322942808738837 0.0480395242688857 0.0260375302116346 0.031009055197572 0.0506786347390347 0.0358739330229247 0.0995962968711752 -0.0121777203673962 0.0555824861140542 0.0311664468185983 0.0256991094721704 0.103135333076863 0.0596546343084486 0.0732145592090567 0.0752577273995638 0.014755464846367 0.0995576916957271 0.219048025501876 0.180965312741675 0.134253536376495 0.14368774739443 0.171488898025638 0.163530217654933 0.174989568367795 0.214377657735487 0.158102326589597 0.134520051374502 0.183752602257204 -0.0221400669721506 0.052405152125318 0.092296659483092 0.0741739205180731 0.00144736258883942 0.00580757307196676 -0.00598612974346414 0.0180553470791595 0.0595793416588097 0.0830774757996276 0.0945150450709781 0.0917974359932548 0.0417217487002404 0.045292699350395 0.0529975929985303
A6601 -0.0101954921507726 -0.00660486213120055 0.00157089148904011 0.157595031772807 0.148805586793132 0.0439366892487597 0.0411631990926667 0.0699626812318557 0.053503985880642 0.0451919879899662 0.0450677448847406 0.767086068301027 0.735583228733149 0.833854441881777 0.897220312397693 0.948001381072736 1 0.951210052375663 0.0775586983391954 0.0701668303222428 0.0682458852166299 0.0916521908803558 0.0734156727043686 0.384426734674627 0.435234696909665 0.455510217966447 0.171382477947382 0.255133831735014 0.613839807286695 0.3530811631046 0.366209344178637 0.0644485301521206 0.0460341551493005 0.0367588183989605 0.0401171293599025 0.0306615565946968 0.0648179816571279 0.0820667149252545 0.0866795175162417 0.0365966610353047 0.0249619720671091 0.0620195744971949 0.0308430682220843 -0.0338415308475844 -0.00374394737742231 -0.00540774346691231 0.0287215726374321 0.0372374434496068 0.0592934300448796 -0.00426358415007696 0.0286269537656681 -0.0164034763341264 0.00940717510683105 0.0426409316169986 0.0134163030791102 0.0190703662467641 0.0595020005970765 0.0411241884376602 0.0662514459196365 -0.0156182399280797 0.0339016539771827 -0.00532652816292557 0.0906347873007467 0.200500808164235 0.150898219222089 0.136765756174146 0.158216416953841 0.0112820598811294 0.0820988711890064 0.172487142319115 0.176182308805087 0.135905859166198 0.141039080916696 0.184385366265801 0.177908246412443 0.181610787942961 0.211602872089716 0.175060079192258 0.145816626042707 0.192420555087475 -0.0284727291224643 0.074968885930222 0.0893727541454755 0.0761825902135757 0.0110679119183852 0.0186554691833455 0.000649818361012319 0.0335745881558413 0.0659188093031131 0.13670644895719 0.0935963460553805 0.0979281348706566 0.0339264437135304 0.0368038419763095 0.043022903499624
A6801 -0.00888032424814697 0.00157224631683879 0.00974896062110041 0.199199226495233 0.181294381955952 0.079513163256173 0.0734401006068946 0.106723489018736 0.100795555850214 0.0872224632658023 0.0801427110549164 0.785400956880631 0.761869917508142 0.826500726932976 0.894626661633039 0.910810628523828 0.951210052375663 1 0.0618681983254393 0.0565844650966256 0.0846154665930102 0.0953628355097461 0.076171136028545 0.430138448311201 0.395065402489676 0.428765243104609 0.216309325629817 0.315392815725204 0.621703819018559 0.421249801207693 0.432842805950096 0.0823982307551693 0.0728834987286929 0.045423441494448 0.0651029755282034 0.060090331393763 0.0979655835121973 0.120297202641254 0.140177242279372 0.0533229515957195 0.0170375161311689 0.0524712659013764 0.0380716919507034 -0.0400975919603143 0.0120789636042484 0.0140440042065533 0.0433741740148775 0.0576424506912974 0.0812579096660954 0.00807806750339265 0.0415651205930003 0.0150588110831389 0.00661325609206752 0.0345664239484559 0.0242699259355478 0.0325535297326467 0.0854839125643131 0.00289018852498297 0.0424582171178526 0.00982647083254339 0.0732477488526199 0.0154510965207858 0.091183921268012 0.147171065975022 0.157292145077965 0.153706154649814 0.175423532352493 0.00590870787130228 0.0773069617077626 0.159135077598288 0.138495528663412 0.150346442486408 0.13634579528353 0.152710593403166 0.148590063565771 0.201697398996635 0.208052235621565 0.223617092089868 0.143799799164709 0.155819476050512 -0.011994336208836 0.100317944073709 0.0921904709760504 0.057074835160187 -0.00439733146874006 -0.00256709381923187 0.0318224799070741 0.0658446393753862 0.116430632155385 0.129025029017458 0.0782977195112819 0.135227696589499 0.0463786424068918 0.0490368062640879 0.051863108017878
A3601 0.0120111192891322 0.000458222202536235 -0.00281026114010856 0.0715851401936328 0.107755187069745 0.269825574780261 0.0559578383418677 0.063552060382971 0.103378518777152 0.0900702649883224 0.0588031572859946 0.0967240357408468 0.118421984308804 -0.0118308031751503 0.00329321431368233 0.0301315075958534 0.0775586983391954 0.0618681983254393 1 0.940654045925407 0.709182371996574 0.684921700509653 0.302999057817322 0.0762827319522383 0.159976732487606 0.364104547870594 0.195244828777019 0.343433184551546 0.171956261224482 0.173663612834431 0.201445275995 -0.00399711528726194 -0.0316669893565679 -0.0119086408737883 -0.0196255540334514 -0.0163025196793319 0.114003817492753 0.324689660997383 0.279325218134644 -0.00454371851992743 -0.017401108352049 -0.00436301119709006 -0.0232342289180224 0.0312985396773993 0.0286706118778956 -0.00620087637946477 0.211902611043149 0.084291439571295 0.128291452771643 0.0243513689587715 -0.000614359355805851 -0.0051486815356082 0.00738644931691922 -0.0157105379589046 0.0863418822797143 0.0692695488531073 0.0687420513584931 -0.056162554664813 0.00370102786161352 0.00869572286492868 0.135155543809784 0.195551725451927 0.24797710286088 0.468337206782924 0.282501591636471 0.305160513252623 0.264567271244057 0.395012954738081 0.484747184430522 0.492972307335186 0.393134187660294 0.0779025210027808 0.138864845799693 0.0658938009637359 0.0701013257964945 0.316707011779828 0.249435232659541 0.233986886774078 0.259336590109206 0.215442925191374 0.343570215571772 0.417846267496633 0.41913565643701 0.407365144877111 0.0755316462641029 0.0646344813477317 0.194237198011712 0.229414817416809 0.047895485441913 0.276961221496042 0.0344338451698905 0.0608859722116265 0.0917007071510329 0.0926504878918302 0.118267899334408
A0101 0.0177466427147741 0.0159645743027315 -0.00938533556735229 0.0871616446120146 0.123373278703459 0.364039509588297 0.113035998515786 0.135312229412663 0.150487942181528 0.174743773504751 0.130290783176882 0.0753929578634962 0.0626402083293135 0.00689599477069124 0.0117968354954583 0.0286843244702485 0.0701668303222428 0.0565844650966256 0.940654045925407 1 0.62409906935724 0.713319189981194 0.186013021585246 0.116996449484082 0.156020817373013 0.357270943411322 0.117765141480556 0.329917166811667 0.164016762492989 0.132076118397284 0.160544783596042 0.0652593441708007 0.0330742126207353 -0.0243286377812815 -0.0199749202291653 -0.0266789966226693 0.149561841640636 0.356506502886392 0.338350653781613 0.0399553283290673 -0.0344169241605341 -0.00418435524502195 -0.0218363580069224 -0.00747116269221323 0.0266495493296452 -0.0209094418786218 0.244177401760922 0.109732821653356 0.155222976938381 0.0198042582277865 -0.0042121350667117 -0.0356693740480758 0.0354584997842531 0.00750263307651308 0.118606383843776 0.103030943430285 0.0703694177531441 -0.0229990745059937 0.089819763876695 0.0155296631740983 0.120535419966934 0.167293751802756 0.143065184391341 0.421402975445539 0.179856845171901 0.209251546342867 0.217560303157053 0.353672598540493 0.448100354836147 0.516325649136016 0.404202850891531 0.105653285443651 0.163660731902957 0.118585814631554 0.121634086202621 0.317487106086219 0.243465503881175 0.264556840755389 0.301841969376653 0.276882858023582 0.401563987360274 0.483396088789596 0.444637673193874 0.446040686228736 0.0873656741166883 0.0803027663763048 0.214302886102543 0.171500931992674 0.106496922757644 0.23994529836437 0.0371035865484228 0.080218658568419 0.0319035635335477 0.0313327655883798 0.0589443886443017
A3002 0.0854969552892367 0.0964728052195252 0.115962102839744 0.206831422917944 0.190642976862377 0.118170350370426 0.147269137467405 0.139716996743592 0.194911324125009 0.130237223700752 0.154162147446374 0.144115255137165 0.188580580928784 0.031031267764185 0.045325879499279 0.0700947823591454 0.0682458852166299 0.0846154665930102 0.709182371996574 0.62409906935724 1 0.766225486445671 0.421283618015522 0.138539933346256 0.233658755932013 0.484802352403757 0.282081524150452 0.354708711484871 0.114953618577759 0.152165955982525 0.175807230744898 -0.0206996832777652 -0.0252885567465464 0.0308171296953099 0.0210494517120622 0.028829801504541 0.0966813020435772 0.389847213120864 0.342881528297131 -0.0251097701607117 0.0496706908032037 0.0222997763652701 0.0378201424865836 0.0401768232660067 0.0131913948102307 0.0397952362250222 0.277873573508146 0.114367457072392 0.147899196400862 0.0203557226897811 0.00468421489217549 0.0420137341588812 -0.0165067675775662 -0.0152702419044931 -0.0208524221442142 -0.0193236829191847 0.106174351392471 -0.0563465428451466 -0.000660670879826296 0.098375714064547 0.212112611721779 0.218500052757227 0.238549940054839 0.318591738391818 0.235498559213035 0.244625666569603 0.228343931819587 0.532220282549239 0.710573057548497 0.653633015681779 0.530710027459939 0.0434146912626175 0.0612206108926292 0.0365986535852199 0.0396384239368329 0.414578439538935 0.353785983115259 0.263786475976902 0.290205040122971 0.221772297499584 0.0177045664608738 0.0249214479361131 0.0277036848856388 0.0137402308133049 0.186500157614536 0.165198988874327 0.294787477788864 0.292268785164666 0.106210604290346 0.160119206707984 0.03476853718093 0.0736467894607513 0.10849911335823 0.114835802019328 0.119805908782208
A2902 0.241872780474184 0.179040628017048 0.19747464029171 0.150560617586129 0.202023295868528 0.199761529221351 0.163341588957571 0.204011313253718 0.201637266962402 0.250189816799143 0.221586179359462 0.15057636905334 0.106454740140888 0.0584452694872087 0.0634270783822712 0.0936319721833198 0.0916521908803558 0.0953628355097461 0.684921700509653 0.713319189981194 0.766225486445671 1 0.268385060892612 0.152369937317 0.231622844440654 0.474206192455192 0.169606384198769 0.499024173349604 0.220505618689675 0.191906906389301 0.22996054534683 0.110952457224594 0.0901356166681845 0.0282163607999071 0.0303371275013658 0.0284498213021806 0.185979918277901 0.455661959278298 0.441841993565713 0.0177279144950245 -0.0088613799070367 0.0282444059101764 0.00096711315976384 0.0574593761574419 -0.00052482245403811 0.0103929381753134 0.319848923090776 0.186287022614836 0.254087994263918 0.0260205599655072 0.011668041034913 0.0322622980681616 0.110054174148474 0.0217826556737571 0.0543745544138461 0.0462316040691206 0.194239623413422 0.010204388847217 0.147418483968751 0.0582945813568983 0.241955254320811 0.141840865520393 0.0896676470282857 0.466661447058539 0.146308126365835 0.169724234711623 0.193179911591945 0.487774295515493 0.5894504036849 0.680144432266785 0.518830269932106 0.130248884444767 0.110696353022008 0.135451645241599 0.143955596577274 0.445512474892719 0.348320902787247 0.354997739395969 0.38515462098203 0.388606678748167 0.141426944754068 0.118386923923385 0.04784870169218 0.0491063639820754 0.305634975623499 0.304010294527266 0.351716674464597 0.254990840105404 0.17487560258328 0.271878807217847 0.0537506916720031 0.155138433001469 0.0817225420363207 0.0834022262313241 0.117784141710819
